  -1.4374358e-02
             NaN
  -1.2637355e-02
             NaN
  -1.0812403e-02
  -9.8533655e-03
             NaN
             NaN
  -6.5482859e-03
             NaN
  -3.7513235e-03
  -2.0578644e-03
  -9.4258541e-05
   2.2061528e-03
             NaN
             NaN
   1.1933259e-02
   1.6432082e-02
             NaN
   2.7900408e-02
             NaN
             NaN
   5.2836413e-02
             NaN
             NaN
             NaN
             NaN
   1.1955439e-01
             NaN
             NaN
             NaN
   1.8927629e-01
             NaN
   2.2432987e-01
             NaN
             NaN
   2.6819605e-01
   2.7884396e-01
             NaN
   2.9247613e-01
   2.9511999e-01
             NaN
   2.9169886e-01
             NaN
   2.7691699e-01
   2.6566740e-01
   2.5236573e-01
             NaN
             NaN
             NaN
             NaN
   1.6913212e-01
             NaN
   1.3481272e-01
             NaN
   1.0374964e-01
             NaN
   7.7566183e-02
   6.6488692e-02
   5.6786325e-02
             NaN
   4.1356533e-02
   3.5450843e-02
   3.0563746e-02
   2.6503058e-02
   2.3035374e-02
             NaN
             NaN
             NaN
   7.1758438e-03
  -1.8258006e-03
             NaN
  -3.2324290e-02
  -5.4580566e-02
             NaN
  -1.0887994e-01
  -1.3214744e-01
             NaN
  -1.4281210e-01
  -1.1800725e-01
  -6.4454915e-02
   2.2472551e-02
   1.4558586e-01
   3.0343132e-01
             NaN
   6.8578156e-01
             NaN
             NaN
   1.1362935e+00
   1.1638875e+00
             NaN
             NaN
   8.1561486e-01
             NaN
             NaN
   2.0040482e-01
             NaN
             NaN
             NaN
  -2.4972163e-01
  -2.6991059e-01
             NaN
  -2.3291409e-01
             NaN
             NaN
             NaN
  -6.9188851e-02
  -4.0812834e-02
  -1.9693044e-02
  -5.0618669e-03
             NaN
             NaN
   1.4485705e-02
   1.7770773e-02
             NaN
   2.3284489e-02
   2.6155665e-02
             NaN
   3.2829151e-02
             NaN
             NaN
             NaN
   5.0889297e-02
             NaN
   6.3005381e-02
   6.9973961e-02
   7.7599182e-02
   8.5915456e-02
             NaN
   1.0469540e-01
             NaN
   1.2652063e-01
             NaN
   1.5147148e-01
   1.6509076e-01
             NaN
   1.9445387e-01
             NaN
             NaN
   2.4295458e-01
   2.5999633e-01
             NaN
   2.9477565e-01
   3.1230032e-01
             NaN
             NaN
   3.6379256e-01
   3.7999389e-01
             NaN
   4.0997177e-01
             NaN
             NaN
             NaN
             NaN
             NaN
             NaN
   4.7569035e-01
             NaN
             NaN
   4.7927649e-01
   4.7661451e-01
             NaN
             NaN
             NaN
   4.4797768e-01
             NaN
             NaN
   4.1118984e-01
   3.9669695e-01
   3.8130464e-01
             NaN
             NaN
             NaN
             NaN
             NaN
   2.7736858e-01
   2.5934078e-01
   2.4146379e-01
             NaN
   2.0669431e-01
             NaN
             NaN
   1.5900379e-01
   1.4471095e-01
             NaN
             NaN
   1.0680190e-01
             NaN
   8.5757717e-02
   7.6497085e-02
             NaN
             NaN
             NaN
             NaN
   4.2016967e-02
             NaN
   3.3077217e-02
             NaN
             NaN
   2.3651358e-02
